camera_matrix:
- - 4036.663690179468
  - 0.0
  - 2680.764895786734
- - 0.0
  - 4041.0136664291854
  - 1901.8091907993085
- - 0.0
  - 0.0
  - 1.0
dist_coefs:
- - -0.0011963992648613357
  - -0.27077936584386403
  - -0.0004282206658367464
  - -0.002409139477877492
  - 0.4159201621757782
